;machine=9 (plus4)
  .global _bitmap
  .global _color
  .global _lumi
  .global _border
_bitmap:
	.db 0,0,0,0,0,0,0,0
	.db 0,0,0,0,0,0,0,0
	.db 0,0,0,0,0,0,0,0
	.db 0,0,0,0,0,0,0,0
	.db 0,0,0,0,0,0,0,0
	.db 0,0,0,0,0,0,0,0
	.db 0,0,0,0,0,0,0,0
	.db 0,0,0,0,0,0,0,0
	.db 0,0,0,0,0,0,0,0
	.db 0,0,0,0,0,0,0,0
	.db 0,0,0,0,0,0,0,0
	.db 0,0,0,0,0,0,0,0
	.db 0,0,0,0,0,0,0,0
	.db 0,0,0,0,0,0,0,0
	.db 0,0,0,0,0,0,0,0
	.db 0,0,0,0,0,0,0,0
	.db 0,0,0,0,0,0,0,0
	.db 0,0,0,0,0,0,0,0
	.db 0,0,0,0,0,0,0,0
	.db 0,0,0,0,0,0,0,0
	.db 0,0,0,0,0,0,0,0
	.db 0,0,0,0,0,0,0,0
	.db 0,0,0,0,0,0,0,0
	.db 0,0,0,0,0,0,0,0
	.db 0,0,0,0,0,0,0,0
	.db 0,0,0,0,0,0,0,0
	.db 0,0,0,0,0,0,0,0
	.db 0,0,0,0,0,0,0,0
	.db 0,0,0,0,0,0,0,0
	.db 0,0,0,0,0,0,0,0
	.db 0,0,0,0,0,0,0,0
	.db 0,0,0,0,0,0,0,0
	.db 0,0,0,0,0,0,0,0
	.db 0,0,0,0,0,0,0,0
	.db 0,0,0,0,0,0,0,0
	.db 0,0,0,0,0,0,0,0
	.db 0,0,0,0,0,0,0,0
	.db 0,0,0,0,0,0,0,0
	.db 0,0,0,0,0,0,0,0
	.db 0,0,0,0,0,0,0,0

	.db 0,0,0,0,0,0,0,0
	.db 0,0,0,0,0,0,0,0
	.db 0,0,0,0,0,0,0,0
	.db 0,0,0,0,0,0,0,0
	.db 0,0,0,0,0,0,0,0
	.db 0,0,0,0,0,0,0,0
	.db 0,0,0,0,0,0,0,0
	.db 0,0,0,0,0,0,0,0
	.db 0,0,0,0,0,0,0,0
	.db 0,0,0,0,0,0,0,0
	.db 0,0,0,0,0,0,0,0
	.db 0,0,0,0,0,0,0,0
	.db 0,0,0,0,0,0,0,0
	.db 0,0,0,0,0,0,0,0
	.db 0,0,0,0,0,0,0,0
	.db 0,0,0,0,0,0,0,0
	.db 0,0,0,0,0,0,0,0
	.db 0,0,0,0,0,0,0,0
	.db 0,0,0,0,0,0,0,0
	.db 0,0,0,0,0,0,0,0
	.db 0,0,0,0,0,0,0,0
	.db 0,0,0,0,0,0,0,0
	.db 0,0,0,0,0,0,0,0
	.db 0,0,0,0,0,0,0,0
	.db 0,0,0,0,0,0,0,0
	.db 0,0,0,0,0,0,0,0
	.db 0,0,0,0,0,0,0,0
	.db 0,0,0,0,0,0,0,0
	.db 0,0,0,0,0,0,0,0
	.db 0,0,0,0,0,0,0,0
	.db 0,0,0,0,0,0,0,0
	.db 0,0,0,0,0,0,0,0
	.db 0,0,0,0,0,0,0,0
	.db 0,0,0,0,0,0,0,0
	.db 0,0,0,0,0,0,0,0
	.db 0,0,0,0,0,0,0,0
	.db 0,0,0,0,0,0,0,0
	.db 0,0,0,0,0,0,0,0
	.db 0,0,0,0,0,0,0,0
	.db 0,0,0,0,0,0,0,0

	.db 0,0,0,0,0,0,0,0
	.db 0,0,0,0,0,0,0,0
	.db 0,0,0,0,0,0,0,0
	.db 0,0,0,0,0,0,0,0
	.db 0,0,0,0,0,0,0,0
	.db 0,0,0,0,0,0,0,0
	.db 0,0,0,0,0,0,0,0
	.db 0,0,0,0,0,0,0,0
	.db 0,0,0,0,0,0,0,0
	.db 0,0,0,0,0,0,0,0
	.db 0,0,0,0,0,0,0,0
	.db 0,0,0,0,0,0,0,0
	.db 0,0,0,0,0,0,0,0
	.db 0,0,0,0,0,0,0,0
	.db 0,0,0,0,0,0,0,0
	.db 0,0,0,0,0,0,0,0
	.db 0,0,0,0,0,0,0,0
	.db 0,0,0,0,0,0,0,0
	.db 0,0,0,0,0,0,0,0
	.db 0,0,0,0,0,0,0,0
	.db 0,0,0,0,0,0,0,0
	.db 0,0,0,0,0,0,0,0
	.db 0,0,0,0,0,0,0,0
	.db 0,0,0,0,0,0,0,0
	.db 0,0,0,0,0,0,0,0
	.db 0,0,0,0,0,0,0,0
	.db 0,0,0,0,0,0,0,0
	.db 0,0,0,0,0,0,0,0
	.db 0,0,0,0,0,0,0,0
	.db 0,0,0,0,0,0,0,0
	.db 0,0,0,0,0,0,0,0
	.db 0,0,0,0,0,0,0,0
	.db 0,0,0,0,0,0,0,0
	.db 0,0,0,0,0,0,0,0
	.db 0,0,0,0,0,0,0,0
	.db 0,0,0,0,0,0,0,0
	.db 0,0,0,0,0,0,0,0
	.db 0,0,0,0,0,0,0,0
	.db 0,0,0,0,0,0,0,0
	.db 0,0,0,0,0,0,0,0

	.db 0,0,0,0,0,0,0,0
	.db 0,0,0,0,0,0,0,0
	.db 0,0,0,0,0,0,0,0
	.db 0,0,0,0,0,0,0,0
	.db 0,0,0,0,0,0,0,0
	.db 0,0,0,0,0,0,0,0
	.db 0,0,0,0,0,0,0,0
	.db 0,0,0,0,0,0,0,0
	.db 0,0,0,0,0,0,0,0
	.db 0,0,0,0,0,0,0,0
	.db 0,0,0,0,0,0,0,0
	.db 0,0,0,0,0,0,0,0
	.db 0,0,0,0,0,0,0,0
	.db 0,0,0,0,0,0,0,0
	.db 0,0,0,0,0,0,0,0
	.db 0,0,0,0,0,0,0,0
	.db 0,0,0,0,0,0,0,0
	.db 0,0,0,0,0,0,0,0
	.db 0,0,0,0,0,0,0,0
	.db 0,0,0,0,0,0,0,0
	.db 0,0,0,0,0,0,0,0
	.db 0,0,0,0,0,0,0,0
	.db 0,0,0,0,0,0,0,0
	.db 0,0,0,0,0,0,0,0
	.db 0,0,0,0,0,0,0,0
	.db 0,0,0,0,0,0,0,0
	.db 0,0,0,0,0,0,0,0
	.db 0,0,0,0,0,0,0,0
	.db 0,0,0,0,0,0,0,0
	.db 0,0,0,0,0,0,0,0
	.db 0,0,0,0,0,0,0,0
	.db 0,0,0,0,0,0,0,0
	.db 0,0,0,0,0,0,0,0
	.db 0,0,0,0,0,0,0,0
	.db 0,0,0,0,0,0,0,0
	.db 0,0,0,0,0,0,0,0
	.db 0,0,0,0,0,0,0,0
	.db 0,0,0,0,0,0,0,0
	.db 0,0,0,0,0,0,0,0
	.db 0,0,0,0,0,0,0,0

	.db 0,0,0,0,0,0,0,0
	.db 0,0,0,0,0,0,0,0
	.db 0,0,0,0,0,0,0,0
	.db 0,0,0,0,0,0,0,0
	.db 0,0,0,0,0,0,0,0
	.db 0,0,0,0,0,0,0,0
	.db 0,0,0,0,0,0,0,0
	.db 0,0,0,0,0,0,0,0
	.db 0,0,0,0,0,0,0,0
	.db 0,0,0,0,0,0,0,0
	.db 0,0,0,0,0,0,0,0
	.db 0,0,0,0,0,0,0,0
	.db 0,0,0,0,0,0,0,0
	.db 0,0,0,0,0,0,0,0
	.db 0,0,0,0,0,0,0,0
	.db 0,0,0,0,0,0,0,0
	.db 0,0,0,0,0,0,0,0
	.db 0,0,0,0,0,0,0,0
	.db 0,0,0,0,0,0,0,0
	.db 0,0,0,0,0,0,0,0
	.db 0,0,0,0,0,0,0,0
	.db 0,0,0,0,0,0,0,0
	.db 0,0,0,0,0,0,0,0
	.db 0,0,0,0,0,0,0,0
	.db 0,0,0,0,0,0,0,0
	.db 0,0,0,0,0,0,0,0
	.db 0,0,0,0,0,0,0,0
	.db 0,0,0,0,0,0,0,0
	.db 0,0,0,0,0,0,0,0
	.db 0,0,0,0,0,0,0,0
	.db 0,0,0,0,0,0,0,0
	.db 0,0,0,0,0,0,0,0
	.db 0,0,0,0,0,0,0,0
	.db 0,0,0,0,0,0,0,0
	.db 0,0,0,0,0,0,0,0
	.db 0,0,0,0,0,0,0,0
	.db 0,0,0,0,0,0,0,0
	.db 0,0,0,0,0,0,0,0
	.db 0,0,0,0,0,0,0,0
	.db 0,0,0,0,0,0,0,0

	.db 0,0,0,0,0,0,0,0
	.db 0,0,0,0,0,0,0,0
	.db 0,0,0,0,0,0,0,0
	.db 0,0,0,0,0,0,0,0
	.db 0,0,0,0,0,0,0,0
	.db 0,0,0,0,0,0,0,0
	.db 0,0,0,0,0,0,0,0
	.db 0,0,0,0,0,0,0,0
	.db 0,0,0,0,0,0,0,0
	.db 0,0,0,0,0,0,0,0
	.db 0,0,0,0,0,0,0,0
	.db 0,0,0,0,0,0,0,0
	.db 0,0,0,0,0,0,0,0
	.db 0,0,0,0,0,0,0,0
	.db 0,0,0,0,0,0,0,0
	.db 0,0,0,0,0,0,0,0
	.db 0,0,0,0,0,0,0,0
	.db 0,0,0,0,0,0,0,0
	.db 0,0,0,0,0,0,0,0
	.db 0,0,0,0,0,0,0,0
	.db 0,0,0,0,0,0,0,0
	.db 0,0,0,0,0,0,0,0
	.db 0,0,0,0,0,0,0,0
	.db 0,0,0,0,0,0,0,0
	.db 0,0,0,0,0,0,0,0
	.db 0,0,0,0,0,0,0,0
	.db 0,0,0,0,0,0,0,0
	.db 0,0,0,0,0,0,0,0
	.db 0,0,0,0,0,0,0,0
	.db 0,0,0,0,0,0,0,0
	.db 0,0,0,0,0,0,0,0
	.db 0,0,0,0,0,0,0,0
	.db 0,0,0,0,0,0,0,0
	.db 0,0,0,0,0,0,0,0
	.db 0,0,0,0,0,0,0,0
	.db 0,0,0,0,0,0,0,0
	.db 0,0,0,0,0,0,0,0
	.db 0,0,0,0,0,0,0,0
	.db 0,0,0,0,0,0,0,0
	.db 0,0,0,0,0,0,0,0

	.db 0,0,0,0,0,0,0,0
	.db 0,0,0,0,0,0,0,0
	.db 0,0,0,0,0,0,0,0
	.db 0,0,0,0,0,0,0,0
	.db 0,0,0,0,0,0,0,0
	.db 0,0,0,0,0,0,0,0
	.db 0,0,0,0,0,0,0,0
	.db 0,0,0,0,0,0,0,0
	.db 0,0,0,0,0,0,0,0
	.db 0,0,0,0,0,0,0,0
	.db 0,0,0,0,0,0,0,0
	.db 0,0,0,0,0,0,0,0
	.db 0,0,0,0,0,0,0,0
	.db 0,0,0,0,0,0,0,0
	.db 0,0,0,0,0,0,0,0
	.db 0,0,0,0,0,0,0,0
	.db 0,0,0,0,0,0,0,0
	.db 0,0,0,0,0,0,0,0
	.db 0,0,0,0,0,0,0,0
	.db 0,0,0,0,0,0,0,0
	.db 0,0,0,0,0,0,0,0
	.db 0,0,0,0,0,0,0,0
	.db 0,0,0,0,0,0,0,0
	.db 0,0,0,0,0,0,0,0
	.db 0,0,0,0,0,0,0,0
	.db 0,0,0,0,0,0,0,0
	.db 0,0,0,0,0,0,0,0
	.db 0,0,0,0,0,0,0,0
	.db 0,0,0,0,0,0,0,0
	.db 0,0,0,0,0,0,0,0
	.db 0,0,0,0,0,0,0,0
	.db 0,0,0,0,0,0,0,0
	.db 0,0,0,0,0,0,0,0
	.db 0,0,0,0,0,0,0,0
	.db 0,0,0,0,0,0,0,0
	.db 0,0,0,0,0,0,0,0
	.db 0,0,0,0,0,0,0,0
	.db 0,0,0,0,0,0,0,0
	.db 0,0,0,0,0,0,0,0
	.db 0,0,0,0,0,0,0,0

	.db 0,0,0,0,0,0,0,0
	.db 0,0,0,0,0,0,0,0
	.db 0,0,0,0,0,0,0,0
	.db 0,0,0,0,0,0,0,0
	.db 0,0,0,0,0,0,0,0
	.db 0,0,0,0,0,0,0,0
	.db 0,0,0,0,0,0,0,0
	.db 0,0,0,0,0,0,0,0
	.db 0,0,0,0,0,0,0,0
	.db 0,0,0,0,0,0,0,0
	.db 0,0,0,0,0,0,0,0
	.db 0,0,0,0,0,0,0,0
	.db 0,0,0,0,0,0,0,0
	.db 0,0,0,0,0,0,0,0
	.db 0,0,0,0,0,0,0,0
	.db 0,0,0,0,0,0,0,0
	.db 0,0,0,0,0,0,0,0
	.db 0,0,0,0,0,0,0,0
	.db 0,0,0,0,0,0,0,0
	.db 0,0,0,0,0,0,0,0
	.db 0,0,0,0,0,0,0,0
	.db 0,0,0,0,0,0,0,0
	.db 0,0,0,0,0,0,0,0
	.db 0,0,0,0,0,0,0,0
	.db 0,0,0,0,0,0,0,0
	.db 0,0,0,0,0,0,0,0
	.db 0,0,0,0,0,0,0,0
	.db 0,0,0,0,0,0,0,0
	.db 0,0,0,0,0,0,0,0
	.db 0,0,0,0,0,0,0,0
	.db 0,0,0,0,0,0,0,0
	.db 0,0,0,0,0,0,0,0
	.db 0,0,0,0,0,0,0,0
	.db 0,0,0,0,0,0,0,0
	.db 0,0,0,0,0,0,0,0
	.db 0,0,0,0,0,0,0,0
	.db 0,0,0,0,0,0,0,0
	.db 0,0,0,0,0,0,0,0
	.db 0,0,0,0,0,0,0,0
	.db 0,0,0,0,0,0,0,0

	.db 0,0,0,0,0,0,0,0
	.db 0,0,0,0,0,0,0,0
	.db 0,0,0,0,0,0,0,0
	.db 0,0,0,0,0,0,0,0
	.db 0,0,0,0,0,0,0,0
	.db 0,0,0,0,0,0,0,0
	.db 0,0,0,0,0,0,0,0
	.db 0,0,0,0,0,0,0,0
	.db 0,0,0,0,0,0,0,0
	.db 0,0,0,0,0,0,0,0
	.db 0,0,0,0,0,0,0,0
	.db 0,0,0,0,0,0,0,0
	.db 0,0,0,0,0,0,0,0
	.db 0,0,0,0,0,0,0,0
	.db 0,0,0,0,0,0,0,0
	.db 0,0,0,0,0,0,0,0
	.db 0,0,0,0,0,0,0,0
	.db 0,0,0,0,0,0,0,0
	.db 0,0,0,0,0,0,0,0
	.db 0,0,0,0,0,0,0,0
	.db 0,0,0,0,0,0,0,0
	.db 0,0,0,0,0,0,0,0
	.db 0,0,0,0,0,0,0,0
	.db 0,0,0,0,0,0,0,0
	.db 0,0,0,0,0,0,0,0
	.db 0,0,0,0,0,0,0,0
	.db 0,0,0,0,0,0,0,0
	.db 0,0,0,0,0,0,0,0
	.db 0,0,0,0,0,0,0,0
	.db 0,0,0,0,0,0,0,0
	.db 0,0,0,0,0,0,0,0
	.db 0,0,0,0,0,0,0,0
	.db 0,0,0,0,0,0,0,0
	.db 0,0,0,0,0,0,0,0
	.db 0,0,0,0,0,0,0,0
	.db 0,0,0,0,0,0,0,0
	.db 0,0,0,0,0,0,0,0
	.db 0,0,0,0,0,0,0,0
	.db 0,0,0,0,0,0,0,0
	.db 0,0,0,0,0,0,0,0

	.db 0,0,0,0,0,0,0,0
	.db 0,0,0,0,0,0,0,0
	.db 0,0,0,0,0,0,0,0
	.db 0,0,0,0,0,0,0,0
	.db 0,0,0,0,0,0,0,0
	.db 0,0,0,0,0,0,0,0
	.db 0,0,0,0,0,0,0,0
	.db 0,0,0,0,0,0,0,0
	.db 0,0,0,0,0,0,0,0
	.db 0,0,0,0,0,0,0,0
	.db 0,0,0,0,0,0,0,0
	.db 0,0,0,0,0,0,0,0
	.db 0,0,0,0,0,0,0,0
	.db 0,0,0,0,0,0,0,0
	.db 0,0,0,0,0,0,0,0
	.db 0,0,0,0,0,0,0,0
	.db 0,0,0,0,0,0,0,0
	.db 0,0,0,0,0,0,0,0
	.db 0,0,0,0,0,0,0,0
	.db 0,0,0,0,0,0,0,0
	.db 0,0,0,0,0,0,0,0
	.db 0,0,0,0,0,0,0,0
	.db 0,0,0,0,0,0,0,0
	.db 0,0,0,0,0,0,0,0
	.db 0,0,0,0,0,0,0,0
	.db 0,0,0,0,0,0,0,0
	.db 0,0,0,0,0,0,0,0
	.db 0,0,0,0,0,0,0,0
	.db 0,0,0,0,0,0,0,0
	.db 0,0,0,0,0,0,0,0
	.db 0,0,0,0,0,0,0,0
	.db 0,0,0,0,0,0,0,0
	.db 0,0,0,0,0,0,0,0
	.db 0,0,0,0,0,0,0,0
	.db 0,0,0,0,0,0,0,0
	.db 0,0,0,0,0,0,0,0
	.db 0,0,0,0,0,0,0,0
	.db 0,0,0,0,0,0,0,0
	.db 0,0,0,0,0,0,0,0
	.db 0,0,0,0,0,0,0,0

	.db 0,0,0,0,0,0,0,0
	.db 0,0,0,0,0,0,0,0
	.db 0,0,0,0,0,0,0,0
	.db 0,0,0,0,0,0,0,0
	.db 0,0,0,0,0,0,0,0
	.db 0,0,0,0,0,0,0,0
	.db 0,0,0,0,0,0,0,0
	.db 0,0,0,0,0,0,0,0
	.db 0,0,0,0,0,0,0,0
	.db 0,0,0,0,0,0,0,0
	.db 0,0,0,0,0,0,0,0
	.db 0,0,0,0,0,0,0,0
	.db 0,0,0,0,0,0,0,0
	.db 0,0,0,0,0,0,0,0
	.db 0,0,0,0,0,0,0,0
	.db 0,0,0,0,0,0,0,0
	.db 0,0,0,0,0,0,0,0
	.db 0,0,0,0,0,0,0,0
	.db 0,0,0,0,0,0,0,0
	.db 0,0,0,0,0,0,0,0
	.db 0,0,0,0,0,0,0,0
	.db 0,0,0,0,0,0,0,0
	.db 0,0,0,0,0,0,0,0
	.db 0,0,0,0,0,0,0,0
	.db 0,0,0,0,0,0,0,0
	.db 0,0,0,0,0,0,0,0
	.db 0,0,0,0,0,0,0,0
	.db 0,0,0,0,0,0,0,0
	.db 0,0,0,0,0,0,0,0
	.db 0,0,0,0,0,0,0,0
	.db 0,0,0,0,0,0,0,0
	.db 0,0,0,0,0,0,0,0
	.db 0,0,0,0,0,0,0,0
	.db 0,0,0,0,0,0,0,0
	.db 0,0,0,0,0,0,0,0
	.db 0,0,0,0,0,0,0,0
	.db 0,0,0,0,0,0,0,0
	.db 0,0,0,0,0,0,0,0
	.db 0,0,0,0,0,0,0,0
	.db 0,0,0,0,0,0,0,0

	.db 0,0,0,0,0,0,0,0
	.db 0,0,0,0,0,0,0,0
	.db 0,0,0,0,0,0,0,0
	.db 0,0,0,0,0,0,0,0
	.db 0,0,0,0,0,0,0,0
	.db 0,0,0,0,0,0,0,0
	.db 0,0,0,0,0,0,0,0
	.db 0,0,0,0,0,0,0,0
	.db 0,0,0,0,0,0,0,0
	.db 0,0,0,0,0,0,0,0
	.db 0,0,0,0,0,0,0,0
	.db 0,0,0,0,0,0,0,0
	.db 0,0,0,0,0,0,0,0
	.db 0,0,0,0,0,0,0,0
	.db 0,0,0,0,0,0,0,0
	.db 0,0,0,0,0,0,0,0
	.db 0,0,0,0,0,0,0,0
	.db 0,0,0,0,0,0,0,0
	.db 0,0,0,0,0,0,0,0
	.db 0,0,0,0,0,0,0,0
	.db 0,0,0,0,0,0,0,0
	.db 0,0,0,0,0,0,0,0
	.db 0,0,0,0,0,0,0,0
	.db 0,0,0,0,0,0,0,0
	.db 0,0,0,0,0,0,0,0
	.db 0,0,0,0,0,0,0,0
	.db 0,0,0,0,0,0,0,0
	.db 0,0,0,0,0,0,0,0
	.db 0,0,0,0,0,0,0,0
	.db 0,0,0,0,0,0,0,0
	.db 0,0,0,0,0,0,0,0
	.db 0,0,0,0,0,0,0,0
	.db 0,0,0,0,0,0,0,0
	.db 0,0,0,0,0,0,0,0
	.db 0,0,0,0,0,0,0,0
	.db 0,0,0,0,0,0,0,0
	.db 0,0,0,0,0,0,0,0
	.db 0,0,0,0,0,0,0,0
	.db 0,0,0,0,0,0,0,0
	.db 0,0,0,0,0,0,0,0

	.db 0,0,0,0,0,0,0,0
	.db 0,0,0,0,0,0,0,0
	.db 0,0,0,0,0,0,0,0
	.db 0,0,0,0,0,0,0,0
	.db 0,0,0,0,0,0,0,0
	.db 0,0,0,0,0,0,0,0
	.db 0,0,0,0,0,0,0,0
	.db 0,0,0,0,0,0,0,0
	.db 0,0,0,0,0,0,0,0
	.db 0,0,0,0,0,0,0,0
	.db 0,0,0,0,0,0,0,0
	.db 0,0,0,0,0,0,0,0
	.db 0,0,0,0,0,0,0,0
	.db 0,0,0,0,0,0,0,0
	.db 0,0,0,0,0,0,0,0
	.db 0,0,0,0,0,0,0,0
	.db 0,0,0,0,0,0,0,0
	.db 0,0,0,0,0,0,0,0
	.db 0,0,0,0,0,0,0,0
	.db 0,0,0,0,0,0,0,0
	.db 0,0,0,0,0,0,0,0
	.db 0,0,0,0,0,0,0,0
	.db 0,0,0,0,0,0,0,0
	.db 0,0,0,0,0,0,0,0
	.db 0,0,0,0,0,0,0,0
	.db 0,0,0,0,0,0,0,0
	.db 0,0,0,0,0,0,0,0
	.db 0,0,0,0,0,0,0,0
	.db 0,0,0,0,0,0,0,0
	.db 0,0,0,0,0,0,0,0
	.db 0,0,0,0,0,0,0,0
	.db 0,0,0,0,0,0,0,0
	.db 0,0,0,0,0,0,0,0
	.db 0,0,0,0,0,0,0,0
	.db 0,0,0,0,0,0,0,0
	.db 0,0,0,0,0,0,0,0
	.db 0,0,0,0,0,0,0,0
	.db 0,0,0,0,0,0,0,0
	.db 0,0,0,0,0,0,0,0
	.db 0,0,0,0,0,0,0,0

	.db 0,0,0,0,0,0,0,0
	.db 0,0,0,0,0,0,0,0
	.db 0,0,0,0,0,0,0,0
	.db 0,0,0,0,0,0,0,0
	.db 0,0,0,0,0,0,0,0
	.db 0,0,0,0,0,0,0,0
	.db 0,0,0,0,0,0,0,0
	.db 0,0,0,0,0,0,0,0
	.db 0,0,0,0,0,0,0,0
	.db 0,0,0,0,0,0,0,0
	.db 0,0,0,0,0,0,0,0
	.db 0,0,0,0,0,0,0,0
	.db 0,0,0,0,0,0,0,0
	.db 0,0,0,0,0,0,0,0
	.db 0,0,0,0,0,0,0,0
	.db 0,0,0,0,0,0,0,0
	.db 0,0,0,0,0,0,0,0
	.db 0,0,0,0,0,0,0,0
	.db 0,0,0,0,0,0,0,0
	.db 0,0,0,0,0,0,0,0
	.db 0,0,0,0,0,0,0,0
	.db 0,0,0,0,0,0,0,0
	.db 0,0,0,0,0,0,0,0
	.db 0,0,0,0,0,0,0,0
	.db 0,0,0,0,0,0,0,0
	.db 0,0,0,0,0,0,0,0
	.db 0,0,0,0,0,0,0,0
	.db 0,0,0,0,0,0,0,0
	.db 0,0,0,0,0,0,0,0
	.db 0,0,0,0,0,0,0,0
	.db 0,0,0,0,0,0,0,0
	.db 0,0,0,0,0,0,0,0
	.db 0,0,0,0,0,0,0,0
	.db 0,0,0,0,0,0,0,0
	.db 0,0,0,0,0,0,0,0
	.db 0,0,0,0,0,0,0,0
	.db 0,0,0,0,0,0,0,0
	.db 0,0,0,0,0,0,0,0
	.db 0,0,0,0,0,0,0,0
	.db 0,0,0,0,0,0,0,0

	.db 0,0,0,0,0,0,0,0
	.db 0,0,0,0,0,0,0,0
	.db 0,0,0,0,0,0,0,0
	.db 0,0,0,0,0,0,0,0
	.db 0,0,0,0,0,0,0,0
	.db 0,0,0,0,0,0,0,0
	.db 0,0,0,0,0,0,0,0
	.db 0,0,0,0,0,0,0,0
	.db 0,0,0,0,0,0,0,0
	.db 0,0,0,0,0,0,0,0
	.db 0,0,0,0,0,0,0,0
	.db 0,0,0,0,0,0,0,0
	.db 0,0,0,0,0,0,0,0
	.db 0,0,0,0,0,0,0,0
	.db 0,0,0,0,0,0,0,0
	.db 0,0,0,0,0,0,0,0
	.db 0,0,0,0,0,0,0,0
	.db 0,0,0,0,0,0,0,0
	.db 0,0,0,0,0,0,0,0
	.db 0,0,0,0,0,0,0,0
	.db 0,0,0,0,0,0,0,0
	.db 0,0,0,0,0,0,0,0
	.db 0,0,0,0,0,0,0,0
	.db 0,0,0,0,0,0,0,0
	.db 0,0,0,0,0,0,0,0
	.db 0,0,0,0,0,0,0,0
	.db 0,0,0,0,0,0,0,0
	.db 0,0,0,0,0,0,0,0
	.db 0,0,0,0,0,0,0,0
	.db 0,0,0,0,0,0,0,0
	.db 0,0,0,0,0,0,0,0
	.db 0,0,0,0,0,0,0,0
	.db 0,0,0,0,0,0,0,0
	.db 0,0,0,0,0,0,0,0
	.db 0,0,0,0,0,0,0,0
	.db 0,0,0,0,0,0,0,0
	.db 0,0,0,0,0,0,0,0
	.db 0,0,0,0,0,0,0,0
	.db 0,0,0,0,0,0,0,0
	.db 0,0,0,0,0,0,0,0

	.db 0,0,0,0,0,0,0,0
	.db 0,0,0,0,0,0,0,0
	.db 0,0,0,0,0,0,0,0
	.db 0,0,0,0,0,0,0,0
	.db 0,0,0,0,0,0,0,0
	.db 0,0,0,0,0,0,0,0
	.db 0,0,0,0,0,0,0,0
	.db 0,0,0,0,0,0,0,0
	.db 0,0,0,0,0,0,0,0
	.db 0,0,0,0,0,0,0,0
	.db 0,0,0,0,0,0,0,0
	.db 0,0,0,0,0,0,0,0
	.db 0,0,0,0,0,0,0,0
	.db 0,0,0,0,0,0,0,0
	.db 0,0,0,0,0,0,0,0
	.db 0,0,0,0,0,0,0,0
	.db 0,0,0,0,0,0,0,0
	.db 0,0,0,0,0,0,0,0
	.db 0,0,0,0,0,0,0,0
	.db 0,0,0,0,0,0,0,0
	.db 0,0,0,0,0,0,0,0
	.db 0,0,0,0,0,0,0,0
	.db 0,0,0,0,0,0,0,0
	.db 0,0,0,0,0,0,0,0
	.db 0,0,0,0,0,0,0,0
	.db 0,0,0,0,0,0,0,0
	.db 0,0,0,0,0,0,0,0
	.db 0,0,0,0,0,0,0,0
	.db 0,0,0,0,0,0,0,0
	.db 0,0,0,0,0,0,0,0
	.db 0,0,0,0,0,0,0,0
	.db 0,0,0,0,0,0,0,0
	.db 0,0,0,0,0,0,0,0
	.db 0,0,0,0,0,0,0,0
	.db 0,0,0,0,0,0,0,0
	.db 0,0,0,0,0,0,0,0
	.db 0,0,0,0,0,0,0,0
	.db 0,0,0,0,0,0,0,0
	.db 0,0,0,0,0,0,0,0
	.db 0,0,0,0,0,0,0,0

	.db 0,0,0,0,0,0,0,0
	.db 0,0,0,0,0,0,0,0
	.db 0,0,0,0,0,0,0,0
	.db 0,0,0,0,0,0,0,0
	.db 0,0,0,0,0,0,0,0
	.db 0,0,0,0,0,0,0,0
	.db 0,0,0,0,0,0,0,0
	.db 0,0,0,0,0,0,0,0
	.db 0,0,0,0,0,0,0,0
	.db 0,0,0,0,0,0,0,0
	.db 0,0,0,0,0,0,0,0
	.db 0,0,0,0,0,0,0,0
	.db 0,0,0,0,0,0,0,0
	.db 0,0,0,0,0,0,0,0
	.db 0,0,0,0,0,0,0,0
	.db 0,0,0,0,0,0,0,0
	.db 0,0,0,0,0,0,0,0
	.db 0,0,0,0,0,0,0,0
	.db 0,0,0,0,0,0,0,0
	.db 0,0,0,0,0,0,0,0
	.db 0,0,0,0,0,0,0,0
	.db 0,0,0,0,0,0,0,0
	.db 0,0,0,0,0,0,0,0
	.db 0,0,0,0,0,0,0,0
	.db 0,0,0,0,0,0,0,0
	.db 0,0,0,0,0,0,0,0
	.db 0,0,0,0,0,0,0,0
	.db 0,0,0,0,0,0,0,0
	.db 0,0,0,0,0,0,0,0
	.db 0,0,0,0,0,0,0,0
	.db 0,0,0,0,0,0,0,0
	.db 0,0,0,0,0,0,0,0
	.db 0,0,0,0,0,0,0,0
	.db 0,0,0,0,0,0,0,0
	.db 0,0,0,0,0,0,0,0
	.db 0,0,0,0,0,0,0,0
	.db 0,0,0,0,0,0,0,0
	.db 0,0,0,0,0,0,0,0
	.db 0,0,0,0,0,0,0,0
	.db 0,0,0,0,0,0,0,0

	.db 0,0,0,0,0,0,0,0
	.db 0,0,0,0,0,0,0,0
	.db 0,0,0,0,0,0,0,0
	.db 0,0,0,0,0,0,0,0
	.db 0,0,0,0,0,0,0,0
	.db 0,0,0,0,0,0,0,0
	.db 0,0,0,0,0,0,0,0
	.db 0,0,0,0,0,0,0,0
	.db 0,0,0,0,0,0,0,0
	.db 0,0,0,0,0,0,0,0
	.db 0,0,0,0,0,0,0,0
	.db 0,0,0,0,0,0,0,0
	.db 0,0,0,0,0,0,0,0
	.db 0,0,0,0,0,0,0,0
	.db 0,0,0,0,0,0,0,0
	.db 0,0,0,0,0,0,0,0
	.db 0,0,0,0,0,0,0,0
	.db 0,0,0,0,0,0,0,0
	.db 0,0,0,0,0,0,0,0
	.db 0,0,0,0,0,0,0,0
	.db 0,0,0,0,0,0,0,0
	.db 0,0,0,0,0,0,0,0
	.db 0,0,0,0,0,0,0,0
	.db 0,0,0,0,0,0,0,0
	.db 0,0,0,0,0,0,0,0
	.db 0,0,0,0,0,0,0,0
	.db 0,0,0,0,0,0,0,0
	.db 0,0,0,0,0,0,0,0
	.db 0,0,0,0,0,0,0,0
	.db 0,0,0,0,0,0,0,0
	.db 0,0,0,0,0,0,0,0
	.db 0,0,0,0,0,0,0,0
	.db 0,0,0,0,0,0,0,0
	.db 0,0,0,0,0,0,0,0
	.db 0,0,0,0,0,0,0,0
	.db 0,0,0,0,0,0,0,0
	.db 0,0,0,0,0,0,0,0
	.db 0,0,0,0,0,0,0,0
	.db 0,0,0,0,0,0,0,0
	.db 0,0,0,0,0,0,0,0

	.db 0,0,0,0,0,0,0,0
	.db 0,0,0,0,0,0,0,0
	.db 0,0,0,0,0,0,0,0
	.db 0,0,0,0,0,0,0,0
	.db 0,0,0,0,0,0,0,0
	.db 0,0,0,0,0,0,0,0
	.db 0,0,0,0,0,0,0,0
	.db 0,0,0,0,0,0,0,0
	.db 0,0,0,0,0,0,0,0
	.db 0,0,0,0,0,0,0,0
	.db 0,0,0,0,0,0,0,0
	.db 0,0,0,0,0,0,0,0
	.db 0,0,0,0,0,0,0,0
	.db 0,0,0,0,0,0,0,0
	.db 0,0,0,0,0,0,0,0
	.db 0,0,0,0,0,0,0,0
	.db 0,0,0,0,0,0,0,0
	.db 0,0,0,0,0,0,0,0
	.db 0,0,0,0,0,0,0,0
	.db 0,0,0,0,0,0,0,0
	.db 0,0,0,0,0,0,0,0
	.db 0,0,0,0,0,0,0,0
	.db 0,0,0,0,0,0,0,0
	.db 0,0,0,0,0,0,0,0
	.db 0,0,0,0,0,0,0,0
	.db 0,0,0,0,0,0,0,0
	.db 0,0,0,0,0,0,0,0
	.db 0,0,0,0,0,0,0,0
	.db 0,0,0,0,0,0,0,0
	.db 0,0,0,0,0,0,0,0
	.db 0,0,0,0,0,0,0,0
	.db 0,0,0,0,0,0,0,0
	.db 0,0,0,0,0,0,0,0
	.db 0,0,0,0,0,0,0,0
	.db 0,0,0,0,0,0,0,0
	.db 0,0,0,0,0,0,0,0
	.db 0,0,0,0,0,0,0,0
	.db 0,0,0,0,0,0,0,0
	.db 0,0,0,0,0,0,0,0
	.db 0,0,0,0,0,0,0,0

	.db 0,0,0,0,0,0,0,0
	.db 0,0,0,0,0,0,0,0
	.db 0,0,0,0,0,0,0,0
	.db 0,0,0,0,0,0,0,0
	.db 0,0,0,0,0,0,0,0
	.db 0,0,0,0,0,0,0,0
	.db 0,0,0,0,0,0,0,0
	.db 0,0,0,0,0,0,0,0
	.db 0,0,0,0,0,0,0,0
	.db 0,0,0,0,0,0,0,0
	.db 0,0,0,0,0,0,0,0
	.db 0,0,0,0,0,0,0,0
	.db 0,0,0,0,0,0,0,0
	.db 0,0,0,0,0,0,0,0
	.db 0,0,0,0,0,0,0,0
	.db 0,0,0,0,0,0,0,0
	.db 0,0,0,0,0,0,0,0
	.db 0,0,0,0,0,0,0,0
	.db 0,0,0,0,0,0,0,0
	.db 0,0,0,0,0,0,0,0
	.db 0,0,0,0,0,0,0,0
	.db 0,0,0,0,0,0,0,0
	.db 0,0,0,0,0,0,0,0
	.db 0,0,0,0,0,0,0,0
	.db 0,0,0,0,0,0,0,0
	.db 0,0,0,0,0,0,0,0
	.db 0,0,0,0,0,0,0,0
	.db 0,0,0,0,0,0,0,0
	.db 0,0,0,0,0,0,0,0
	.db 0,0,0,0,0,0,0,0
	.db 0,0,0,0,0,0,0,0
	.db 0,0,0,0,0,0,0,0
	.db 0,0,0,0,0,0,0,0
	.db 0,0,0,0,0,0,0,0
	.db 0,0,0,0,0,0,0,0
	.db 0,0,0,0,0,0,0,0
	.db 0,0,0,0,0,0,0,0
	.db 0,0,0,0,0,0,0,0
	.db 0,0,0,0,0,0,0,0
	.db 0,0,0,0,0,0,0,0

	.db 0,0,0,0,0,0,0,0
	.db 0,0,0,0,0,0,0,0
	.db 0,0,0,0,0,0,0,0
	.db 0,0,0,0,0,0,0,0
	.db 0,0,0,0,0,0,0,0
	.db 0,0,0,0,0,0,0,0
	.db 0,0,0,0,0,0,0,0
	.db 0,0,0,0,0,0,0,0
	.db 0,0,0,0,0,0,0,0
	.db 0,0,0,0,0,0,0,0
	.db 0,0,0,0,0,0,0,0
	.db 0,0,0,0,0,0,0,0
	.db 0,0,0,0,0,0,0,0
	.db 0,0,0,0,0,0,0,0
	.db 0,0,0,0,0,0,0,0
	.db 0,0,0,0,0,0,0,0
	.db 0,0,0,0,0,0,0,0
	.db 0,0,0,0,0,0,0,0
	.db 0,0,0,0,0,0,0,0
	.db 0,0,0,0,0,0,0,0
	.db 0,0,0,0,0,0,0,0
	.db 0,0,0,0,0,0,0,0
	.db 0,0,0,0,0,0,0,0
	.db 0,0,0,0,0,0,0,0
	.db 0,0,0,0,0,0,0,0
	.db 0,0,0,0,0,0,0,0
	.db 0,0,0,0,0,0,0,0
	.db 0,0,0,0,0,0,0,0
	.db 0,0,0,0,0,0,0,0
	.db 0,0,0,0,0,0,0,0
	.db 0,0,0,0,0,0,0,0
	.db 0,0,0,0,0,0,0,0
	.db 0,0,0,0,0,0,0,0
	.db 0,0,0,0,0,0,0,0
	.db 0,0,0,0,0,0,0,0
	.db 0,0,0,0,0,0,0,0
	.db 0,0,0,0,0,0,0,0
	.db 0,0,0,0,0,0,0,0
	.db 0,0,0,0,0,0,0,0
	.db 0,0,0,0,0,0,0,0

	.db 0,0,0,0,0,0,0,0
	.db 0,0,0,0,0,0,0,0
	.db 0,0,0,0,0,0,0,0
	.db 0,0,0,0,0,0,0,0
	.db 0,0,0,0,0,0,0,0
	.db 0,0,0,0,0,0,0,0
	.db 0,0,0,0,0,0,0,0
	.db 0,0,0,0,0,0,0,0
	.db 0,0,0,0,0,0,0,0
	.db 0,0,0,0,0,0,0,0
	.db 0,0,0,0,0,0,0,0
	.db 0,0,0,0,0,0,0,0
	.db 0,0,0,0,0,0,0,0
	.db 0,0,0,0,0,0,0,0
	.db 0,0,0,0,0,0,0,0
	.db 0,0,0,0,0,0,0,0
	.db 0,0,0,0,0,0,0,0
	.db 0,0,0,0,0,0,0,0
	.db 0,0,0,0,0,0,0,0
	.db 0,0,0,0,0,0,0,0
	.db 0,0,0,0,0,0,0,0
	.db 0,0,0,0,0,0,0,0
	.db 0,0,0,0,0,0,0,0
	.db 0,0,0,0,0,0,0,0
	.db 0,0,0,0,0,0,0,0
	.db 0,0,0,0,0,0,0,0
	.db 0,0,0,0,0,0,0,0
	.db 0,0,0,0,0,0,0,0
	.db 0,0,0,0,0,0,0,0
	.db 0,0,0,0,0,0,0,0
	.db 0,0,0,0,0,0,0,0
	.db 0,0,0,0,0,0,0,0
	.db 0,0,0,0,0,0,0,0
	.db 0,0,0,0,0,0,0,0
	.db 0,0,0,0,0,0,0,0
	.db 0,0,0,0,0,0,0,0
	.db 0,0,0,0,0,0,0,0
	.db 0,0,0,0,0,0,0,0
	.db 0,0,0,0,0,0,0,0
	.db 0,0,0,0,0,0,0,0

	.db 0,0,1,3,1,0,0,0
	.db 0,0,252,255,255,7,15,14
	.db 0,0,0,192,252,254,60,0
	.db 0,0,0,0,0,0,0,0
	.db 0,0,0,0,0,0,0,0
	.db 0,0,0,0,0,0,0,0
	.db 0,0,0,0,0,0,0,0
	.db 0,0,0,0,0,0,0,0
	.db 0,0,0,0,0,0,0,0
	.db 0,0,0,0,0,0,0,0
	.db 0,0,0,0,0,0,0,0
	.db 0,0,0,0,0,0,0,0
	.db 0,0,0,0,0,0,0,0
	.db 0,0,0,0,0,0,0,0
	.db 0,0,0,0,0,0,0,0
	.db 0,0,0,0,0,0,0,0
	.db 0,0,0,0,0,0,0,0
	.db 0,0,0,0,0,0,16,56
	.db 0,0,0,0,0,0,0,0
	.db 0,0,0,0,0,0,0,0
	.db 0,0,0,0,0,0,0,0
	.db 0,0,0,0,0,0,0,0
	.db 0,0,0,0,0,0,0,0
	.db 0,0,0,0,0,0,0,0
	.db 0,0,0,0,0,0,0,0
	.db 0,0,0,0,0,0,0,0
	.db 0,0,0,0,0,0,0,0
	.db 0,0,0,0,0,0,0,0
	.db 0,0,0,0,0,0,0,0
	.db 0,0,0,0,0,0,0,0
	.db 0,0,0,0,0,0,0,0
	.db 0,0,0,0,0,0,32,112
	.db 0,0,0,0,0,0,0,0
	.db 0,0,0,0,0,0,0,2
	.db 0,0,0,0,0,0,0,0
	.db 0,0,0,0,0,4,14,14
	.db 0,0,0,0,0,2,7,7
	.db 0,0,0,0,0,0,0,0
	.db 0,0,0,0,0,1,1,1
	.db 0,0,0,0,128,192,192,192

	.db 0,0,0,0,0,0,0,0
	.db 28,60,56,56,112,112,112,112
	.db 0,16,56,56,56,56,56,56
	.db 0,0,0,2,15,31,62,56
	.db 0,0,0,0,0,0,0,0
	.db 0,0,0,0,16,56,56,63
	.db 0,0,0,0,0,1,3,195
	.db 0,0,0,32,240,240,224,128
	.db 4,14,14,31,31,31,59,113
	.db 0,0,0,0,2,135,135,199
	.db 0,0,0,0,0,0,192,240
	.db 0,0,0,8,60,124,248,224
	.db 0,0,24,62,127,118,112,112
	.db 0,0,0,0,31,63,31,1
	.db 0,0,64,224,224,240,248,252
	.db 0,0,0,0,0,0,0,0
	.db 32,120,124,254,239,231,231,255
	.db 56,56,56,56,56,60,62,127
	.db 0,0,0,1,1,1,3,7
	.db 64,224,224,240,240,248,184,28
	.db 0,0,0,0,32,112,124,127
	.db 0,0,0,4,14,15,15,15
	.db 0,0,0,0,0,131,239,255
	.db 0,0,0,64,224,224,225,227
	.db 32,112,112,248,248,252,220,142
	.db 0,0,0,3,15,31,62,120
	.db 0,0,8,152,220,156,28,30
	.db 0,0,0,0,16,56,120,248
	.db 0,0,0,0,0,0,0,0
	.db 0,0,0,0,0,0,0,0
	.db 1,3,7,15,30,28,28,28
	.db 240,248,188,28,30,14,14,110
	.db 0,0,0,0,16,56,56,56
	.db 7,2,0,64,226,231,231,231
	.db 0,0,0,1,7,15,31,60
	.db 14,14,14,206,206,207,15,15
	.db 7,7,7,7,199,227,195,131
	.db 0,0,16,48,184,184,184,189
	.db 1,1,1,1,33,113,241,241
	.db 192,192,192,192,192,192,192,192

	.db 0,0,0,0,0,0,0,0
	.db 112,56,60,24,0,0,0,0
	.db 62,63,63,59,19,1,0,0
	.db 63,127,123,188,223,143,0,0
	.db 0,128,0,0,128,192,128,0
	.db 63,63,60,60,56,16,0,0
	.db 227,231,247,115,33,0,0,0
	.db 240,248,176,192,249,253,8,0
	.db 113,255,255,239,194,192,128,0
	.db 199,199,199,231,231,231,66,0
	.db 248,61,9,0,0,0,0,0
	.db 252,254,236,240,126,63,2,0
	.db 60,30,7,51,127,126,32,0
	.db 3,3,3,7,7,7,7,0
	.db 220,136,128,0,0,0,0,0
	.db 0,1,1,1,1,3,1,0
	.db 255,222,192,192,192,192,128,0
	.db 63,123,121,57,57,17,0,0
	.db 135,143,207,206,220,220,136,0
	.db 28,252,252,254,46,14,4,0
	.db 127,115,112,112,112,112,32,0
	.db 142,206,142,14,14,4,0,0
	.db 124,16,0,0,0,0,0,0
	.db 227,231,231,231,238,78,4,0
	.db 142,254,254,127,23,7,2,0
	.db 112,240,224,254,127,62,0,0
	.db 31,15,0,0,0,63,31,0
	.db 248,248,120,56,120,240,224,0
	.db 0,0,0,0,66,231,66,0
	.db 0,0,0,0,16,56,16,0
	.db 28,30,15,7,3,1,0,0
	.db 252,124,60,254,255,231,3,0
	.db 56,56,56,63,63,159,128,0
	.db 231,231,231,231,231,194,0,0
	.db 56,120,112,127,63,31,0,0
	.db 15,15,15,14,142,4,0,0
	.db 135,199,231,247,119,119,34,0
	.db 191,31,0,0,0,63,63,0
	.db 241,240,240,112,240,225,192,0
	.db 192,128,0,0,128,192,128,0


_border:
  .byte 6 
_color:
	.db 0,0,0,0,0,0,0,0,0,0,0,0,0,0,0,0,0,0,0,0,0,0,0,0,0,0,0,0,0,0,0,0,0,0,0,0,0,0,0,0
	.db 0,0,0,0,0,0,0,0,0,0,0,0,0,0,0,0,0,0,0,0,0,0,0,0,0,0,0,0,0,0,0,0,0,0,0,0,0,0,0,0
	.db 0,0,0,0,0,0,0,0,0,0,0,0,0,0,0,0,0,0,0,0,0,0,0,0,0,0,0,0,0,0,0,0,0,0,0,0,0,0,0,0
	.db 0,0,0,0,0,0,0,0,0,0,0,0,0,0,0,0,0,0,0,0,0,0,0,0,0,0,0,0,0,0,0,0,0,0,0,0,0,0,0,0
	.db 0,0,0,0,0,0,0,0,0,0,0,0,0,0,0,0,0,0,0,0,0,0,0,0,0,0,0,0,0,0,0,0,0,0,0,0,0,0,0,0
	.db 0,0,0,0,0,0,0,0,0,0,0,0,0,0,0,0,0,0,0,0,0,0,0,0,0,0,0,0,0,0,0,0,0,0,0,0,0,0,0,0
	.db 0,0,0,0,0,0,0,0,0,0,0,0,0,0,0,0,0,0,0,0,0,0,0,0,0,0,0,0,0,0,0,0,0,0,0,0,0,0,0,0
	.db 0,0,0,0,0,0,0,0,0,0,0,0,0,0,0,0,0,0,0,0,0,0,0,0,0,0,0,0,0,0,0,0,0,0,0,0,0,0,0,0
	.db 0,0,0,0,0,0,0,0,0,0,0,0,0,0,0,0,0,0,0,0,0,0,0,0,0,0,0,0,0,0,0,0,0,0,0,0,0,0,0,0
	.db 0,0,0,0,0,0,0,0,0,0,0,0,0,0,0,0,0,0,0,0,0,0,0,0,0,0,0,0,0,0,0,0,0,0,0,0,0,0,0,0
	.db 0,0,0,0,0,0,0,0,0,0,0,0,0,0,0,0,0,0,0,0,0,0,0,0,0,0,0,0,0,0,0,0,0,0,0,0,0,0,0,0
	.db 0,0,0,0,0,0,0,0,0,0,0,0,0,0,0,0,0,0,0,0,0,0,0,0,0,0,0,0,0,0,0,0,0,0,0,0,0,0,0,0
	.db 0,0,0,0,0,0,0,0,0,0,0,0,0,0,0,0,0,0,0,0,0,0,0,0,0,0,0,0,0,0,0,0,0,0,0,0,0,0,0,0
	.db 0,0,0,0,0,0,0,0,0,0,0,0,0,0,0,0,0,0,0,0,0,0,0,0,0,0,0,0,0,0,0,0,0,0,0,0,0,0,0,0
	.db 0,0,0,0,0,0,0,0,0,0,0,0,0,0,0,0,0,0,0,0,0,0,0,0,0,0,0,0,0,0,0,0,0,0,0,0,0,0,0,0
	.db 0,0,0,0,0,0,0,0,0,0,0,0,0,0,0,0,0,0,0,0,0,0,0,0,0,0,0,0,0,0,0,0,0,0,0,0,0,0,0,0
	.db 0,0,0,0,0,0,0,0,0,0,0,0,0,0,0,0,0,0,0,0,0,0,0,0,0,0,0,0,0,0,0,0,0,0,0,0,0,0,0,0
	.db 0,0,0,0,0,0,0,0,0,0,0,0,0,0,0,0,0,0,0,0,0,0,0,0,0,0,0,0,0,0,0,0,0,0,0,0,0,0,0,0
	.db 0,0,0,0,0,0,0,0,0,0,0,0,0,0,0,0,0,0,0,0,0,0,0,0,0,0,0,0,0,0,0,0,0,0,0,0,0,0,0,0
	.db 0,0,0,0,0,0,0,0,0,0,0,0,0,0,0,0,0,0,0,0,0,0,0,0,0,0,0,0,0,0,0,0,0,0,0,0,0,0,0,0
	.db 0,0,0,0,0,0,0,0,0,0,0,0,0,0,0,0,0,0,0,0,0,0,0,0,0,0,0,0,0,0,0,0,0,0,0,0,0,0,0,0
	.db 0,0,0,0,0,0,0,0,0,0,0,0,0,0,0,0,0,0,0,0,0,0,0,0,0,0,0,0,0,0,0,0,0,0,0,0,0,0,0,0
	.db 64,64,64,0,0,0,0,0,0,0,0,0,0,0,0,0,0,64,0,0,0,0,0,0,0,0,0,0,0,0,0,64,0,64,0,64,64,0,64,64
	.db 0,64,64,64,0,64,64,64,64,64,64,64,64,64,64,0,64,64,64,64,64,64,64,64,64,64,64,64,0,0,64,64,64,64,64,64,64,64,64,64
	.db 0,64,64,64,64,64,64,64,64,64,64,64,64,64,64,64,64,64,64,64,64,64,64,64,64,64,64,64,64,64,64,64,64,64,64,64,64,64,64,64

_lumi:
	.db 0,0,0,0,0,0,0,0,0,0,0,0,0,0,0,0,0,0,0,0,0,0,0,0,0,0,0,0,0,0,0,0,0,0,0,0,0,0,0,0
	.db 0,0,0,0,0,0,0,0,0,0,0,0,0,0,0,0,0,0,0,0,0,0,0,0,0,0,0,0,0,0,0,0,0,0,0,0,0,0,0,0
	.db 0,0,0,0,0,0,0,0,0,0,0,0,0,0,0,0,0,0,0,0,0,0,0,0,0,0,0,0,0,0,0,0,0,0,0,0,0,0,0,0
	.db 0,0,0,0,0,0,0,0,0,0,0,0,0,0,0,0,0,0,0,0,0,0,0,0,0,0,0,0,0,0,0,0,0,0,0,0,0,0,0,0
	.db 0,0,0,0,0,0,0,0,0,0,0,0,0,0,0,0,0,0,0,0,0,0,0,0,0,0,0,0,0,0,0,0,0,0,0,0,0,0,0,0
	.db 0,0,0,0,0,0,0,0,0,0,0,0,0,0,0,0,0,0,0,0,0,0,0,0,0,0,0,0,0,0,0,0,0,0,0,0,0,0,0,0
	.db 0,0,0,0,0,0,0,0,0,0,0,0,0,0,0,0,0,0,0,0,0,0,0,0,0,0,0,0,0,0,0,0,0,0,0,0,0,0,0,0
	.db 0,0,0,0,0,0,0,0,0,0,0,0,0,0,0,0,0,0,0,0,0,0,0,0,0,0,0,0,0,0,0,0,0,0,0,0,0,0,0,0
	.db 0,0,0,0,0,0,0,0,0,0,0,0,0,0,0,0,0,0,0,0,0,0,0,0,0,0,0,0,0,0,0,0,0,0,0,0,0,0,0,0
	.db 0,0,0,0,0,0,0,0,0,0,0,0,0,0,0,0,0,0,0,0,0,0,0,0,0,0,0,0,0,0,0,0,0,0,0,0,0,0,0,0
	.db 0,0,0,0,0,0,0,0,0,0,0,0,0,0,0,0,0,0,0,0,0,0,0,0,0,0,0,0,0,0,0,0,0,0,0,0,0,0,0,0
	.db 0,0,0,0,0,0,0,0,0,0,0,0,0,0,0,0,0,0,0,0,0,0,0,0,0,0,0,0,0,0,0,0,0,0,0,0,0,0,0,0
	.db 0,0,0,0,0,0,0,0,0,0,0,0,0,0,0,0,0,0,0,0,0,0,0,0,0,0,0,0,0,0,0,0,0,0,0,0,0,0,0,0
	.db 0,0,0,0,0,0,0,0,0,0,0,0,0,0,0,0,0,0,0,0,0,0,0,0,0,0,0,0,0,0,0,0,0,0,0,0,0,0,0,0
	.db 0,0,0,0,0,0,0,0,0,0,0,0,0,0,0,0,0,0,0,0,0,0,0,0,0,0,0,0,0,0,0,0,0,0,0,0,0,0,0,0
	.db 0,0,0,0,0,0,0,0,0,0,0,0,0,0,0,0,0,0,0,0,0,0,0,0,0,0,0,0,0,0,0,0,0,0,0,0,0,0,0,0
	.db 0,0,0,0,0,0,0,0,0,0,0,0,0,0,0,0,0,0,0,0,0,0,0,0,0,0,0,0,0,0,0,0,0,0,0,0,0,0,0,0
	.db 0,0,0,0,0,0,0,0,0,0,0,0,0,0,0,0,0,0,0,0,0,0,0,0,0,0,0,0,0,0,0,0,0,0,0,0,0,0,0,0
	.db 0,0,0,0,0,0,0,0,0,0,0,0,0,0,0,0,0,0,0,0,0,0,0,0,0,0,0,0,0,0,0,0,0,0,0,0,0,0,0,0
	.db 0,0,0,0,0,0,0,0,0,0,0,0,0,0,0,0,0,0,0,0,0,0,0,0,0,0,0,0,0,0,0,0,0,0,0,0,0,0,0,0
	.db 0,0,0,0,0,0,0,0,0,0,0,0,0,0,0,0,0,0,0,0,0,0,0,0,0,0,0,0,0,0,0,0,0,0,0,0,0,0,0,0
	.db 0,0,0,0,0,0,0,0,0,0,0,0,0,0,0,0,0,0,0,0,0,0,0,0,0,0,0,0,0,0,0,0,0,0,0,0,0,0,0,0
	.db 0,0,0,0,0,0,0,0,0,0,0,0,0,0,0,0,0,0,0,0,0,0,0,0,0,0,0,0,0,0,0,0,0,0,0,0,0,0,0,0
	.db 0,0,0,0,0,0,0,0,0,0,0,0,0,0,0,0,0,0,0,0,0,0,0,0,0,0,0,0,0,0,0,0,0,0,0,0,0,0,0,0
	.db 0,0,0,0,0,0,0,0,0,0,0,0,0,0,0,0,0,0,0,0,0,0,0,0,0,0,0,0,0,0,0,0,0,0,0,0,0,0,0,0

